1 0.000841 0 0.000450 0 0.000521 0 0.000435 0 0.000408 0 0.000521 0 0.000482 0 0.000475 0 0.000456 
2 0.000786 2 0.000248 2 0.000261 2 0.000267 2 0.000245 2 0.000304 2 0.000272 2 0.000307 2 0.000232 
3 0.001439 3 0.000701 3 0.000225 3 0.000214 3 0.000248 3 0.000257 3 0.000251 3 0.000220 3 0.000241 
4 0.001252 4 0.000183 4 0.000222 4 0.000194 4 0.000330 4 0.001089 4 0.000186 4 0.000190 4 0.000223 
5 0.002185 5 0.000295 5 0.000183 5 0.000263 5 0.000235 5 0.000184 5 0.000274 5 0.000318 5 0.000349 
6 0.001767 6 0.000232 6 0.000502 6 0.000234 6 0.000236 6 0.000289 6 0.000303 6 0.000271 6 0.000648 
8 0.002831 8 0.000476 8 0.000935 8 0.000266 8 0.000348 8 0.000317 8 0.000326 8 0.000410 8 0.000279 
4 0.001520 4 0.000258 4 0.000307 4 0.000249 4 0.000245 4 0.000562 4 0.000282 4 0.000214 4 0.000203 
4 0.002075 4 0.000529 4 0.000289 4 0.000259 4 0.000295 4 0.000363 4 0.000324 4 0.001419 4 0.000402 
4 0.001531 4 0.000346 4 0.000744 4 0.000283 4 0.000230 4 0.000215 4 0.000185 4 0.000195 4 0.000195 
4 0.001978 4 0.000245 4 0.000209 4 0.000501 4 0.000284 4 0.000273 4 0.000200 4 0.000178 4 0.000227 
