1 3.666010525170000e+02
2 1.941701550220000e+02
3 1.416261867480000e+02
4 1.191781391460000e+02
5 1.202519810640000e+02
6 1.120514953130000e+02
7 1.086831107900000e+02
1 3.649781104700000e+02
2 1.936415511580000e+02
3 1.425870799030000e+02
4 1.194626568650000e+02
5 1.232710152880000e+02
6 1.125512591770000e+02
7 1.087752316530000e+02
1 3.651846316690000e+02
2 1.950250616920000e+02
3 1.432810940810000e+02
4 1.188925138570000e+02
5 1.167256112160000e+02
6 1.139185489530000e+02
7 1.093670149790000e+02
