1 54.001078
2 29.395969
3 21.151581
5 16.701135
1 54.523460
2 29.832938
3 21.151581
5 15.657635
1 54.027087
2 30.268997
3 20.937733
5 16.375511

1 0.013728
1 0.009297
1 0.095895
1 0.088951
1 0.091297
1 0.009716
1 0.009444
1 0.009376
1 0.009111
1 0.009586
1 0.009897
1 0.935963
1 363.714384
6 59.594907
6 0.427639
6 0.422481
6 0.426146
6 0.439520
6 0.572449
1 1.968638
1 0.335622
1 0.327916
1 0.332914
1 0.365941
1 0.328933
1 0.326197
1 0.347384
1 0.323829
1 0.338433
1 0.334969
1 0.323024
1 0.325859
6 59.585121
6 61.436406
6 63.402587
6 73.281069
6 6.179856
6 6.361635
6 6.284520
6 6.107846
6 0.098379
6 0.103930
6 0.146315
6 0.105141
6 0.110273
6 0.101586
6 0.093337
6 0.100069
6 0.095799
6 0.096733
6 7.415419
6 7.967555
6 7.309112
6 7.888564
6 5.812605
6 5.759040
6 5.825838
6 5.698764
6 5.955028
6 5.726118
6 5.790335
6 2.998610
6 2.890371
6 2.876394
6 3.048994
6 3.087597
6 6.049987400000000e+00
6 6.405730800000000e+00
6 5.937837200000000e+00
6 3.182987000000000e+00
6 3.148323000000000e+00
6 3.108329700000000e+00
6 5.576026710000000e+01
6 5.516706262000000e+02
6 3.579623400000000e+00
6 3.906873100000000e+00
6 3.566363300000000e+00
6 3.791877600000000e+00
6 3.571659600000000e+00
6 4.079274200000000e+00
6 3.658934400000000e+00
6 3.508081700000000e+00
6 3.486668700000000e+00
6 3.447627600000000e+00
6 6.475474000000000e-01
6 6.061617000000000e-01
6 6.181770000000000e-01
6 1.227513465000000e+02
