1 0.017578 1 0.011354 1 0.011900 1 0.013297 1 0.013468 1 0.011750 1 0.010438 1 0.010020 1 0.010910 1 0.010039 1 0.010200 1 0.010537 1 0.009984 1 0.010195 1 0.010230 1 0.010422 1 0.010122 1 0.010167 1 0.008613 1 0.007778 1 0.007979 1 0.008014 1 0.007765 1 0.007744 1 0.007801 1 0.007878 1 0.008325 1 0.008112 1 0.008388 1 0.008107 1 0.008117 1 0.008134 1 0.008249 1 0.009300 1 0.007978 1 0.008430 1 0.008314 1 0.008667 1 0.007996 
2 0.015405 2 0.014793 2 0.011617 2 0.005276 2 0.003967 2 0.004929 2 0.005218 2 0.005571 2 0.007905 2 0.006246 2 0.007033 2 0.006916 2 0.006692 2 0.006998 2 0.006786 2 0.005745 2 0.005509 2 0.005415 2 0.005320 2 0.006068 2 0.005656 2 0.005617 2 0.005671 2 0.005436 2 0.005549 2 0.005401 2 0.005502 2 0.005555 2 0.005610 2 0.005669 2 0.005009 2 0.005388 2 0.005349 2 0.005351 2 0.005349 2 0.005993 2 0.005876 2 0.005381 2 0.005343 
3 0.006904 3 0.005194 3 0.004950 3 0.004764 3 0.004962 3 0.004732 3 0.004736 3 0.004654 3 0.004701 3 0.004629 3 0.004659 3 0.005179 3 0.005121 3 0.004977 3 0.005040 3 0.004802 3 0.004704 3 0.004695 3 0.004727 3 0.004623 3 0.004730 3 0.004597 3 0.004691 3 0.004691 3 0.004544 3 0.004639 3 0.004587 3 0.004631 3 0.004578 3 0.004557 3 0.004636 3 0.004540 3 0.004608 3 0.004439 3 0.005141 3 0.004863 3 0.003876 3 0.003685 3 0.003664 
5 0.007936 5 0.006034 5 0.005598 5 0.005741 5 0.004943 5 0.004991 5 0.005083 5 0.004998 5 0.004465 5 0.004524 5 0.004565 5 0.004677 5 0.004732 5 0.004746 5 0.004793 5 0.006745 5 0.003991 5 0.004041 5 0.004079 5 0.004090 5 0.004083 5 0.004099 5 0.004134 5 0.004162 5 0.004134 5 0.004191 5 0.004205 5 0.004550 5 0.004197 5 0.004244 5 0.004298 5 0.004359 5 0.004324 5 0.004369 5 0.004375 5 0.004394 5 0.004432 5 0.004412 5 0.004426 
1 0.000621 1 0.000040 1 0.000005 1 0.000005 1 0.000005 1 0.000004 1 0.000004 1 0.000004 1 0.000005 1 0.000004 1 0.000005 1 0.000004 1 0.000004 1 0.000004 1 0.000004 1 0.000004 1 0.000005 1 0.000048 1 0.000005 1 0.000005 1 0.000004 1 0.000005 1 0.000004 1 0.000004 1 0.000005 1 0.000004 1 0.000004 1 0.000005 1 0.000008 1 0.000005 1 0.000004 1 0.000004 1 0.000004 1 0.000004 1 0.000004 1 0.000008 1 0.000025 1 0.000006 1 0.000004 
1 0.000032 1 0.000008 1 0.000005 1 0.000005 1 0.000005 1 0.000004 1 0.000004 1 0.000004 1 0.000004 1 0.000005 1 0.000004 1 0.000004 1 0.000004 1 0.000004 1 0.000004 1 0.000005 1 0.000004 1 0.000004 1 0.000004 1 0.000004 1 0.000004 1 0.000005 1 0.000004 1 0.000004 1 0.000004 1 0.000004 1 0.000004 1 0.000005 1 0.000004 1 0.000004 1 0.000004 1 0.000004 1 0.000004 1 0.000005 1 0.000004 1 0.000007 1 0.000005 1 0.000004 1 0.000004 
1 0.000028 1 0.000076 1 0.000024 1 0.000025 1 0.000024 1 0.000108 1 0.000014 1 0.000011 1 0.000017 1 0.000011 1 0.000011 1 0.000011 1 0.000011 1 0.000011 1 0.000011 1 0.000238 1 0.001160 1 0.000020 1 0.000113 1 0.000040 1 0.000016 1 0.000014 1 0.000013 1 0.000011 1 0.000011 1 0.000011 1 0.000011 1 0.000011 1 0.000011 1 0.000013 1 0.000010 1 0.000010 1 0.000011 1 0.000010 1 0.000010 1 0.000011 1 0.000010 1 0.000012 1 0.000010 
1 0.000031 1 0.000019 1 0.000013 1 0.000012 1 0.000017 1 0.000021 1 0.000019 1 0.000030 1 0.000015 1 0.000012 1 0.000012 1 0.000012 1 0.000013 1 0.000012 1 0.000012 1 0.000012 1 0.000017 1 0.000012 1 0.000013 1 0.000013 1 0.000012 1 0.000012 1 0.000012 1 0.000013 1 0.000012 1 0.000012 1 0.000012 1 0.000012 1 0.000012 1 0.000013 1 0.000012 1 0.000011 1 0.000012 1 0.000012 1 0.000012 1 0.000012 1 0.000012 1 0.000012 1 0.000012 
1 0.000031 1 0.000125 1 0.000028 1 0.000027 1 0.000028 1 0.000030 1 0.000031 1 0.000032 1 0.000031 1 0.000030 1 0.000030 1 0.000031 1 0.000031 1 0.000039 1 0.000030 1 0.000029 1 0.000027 1 0.000032 1 0.000029 1 0.000032 1 0.000031 1 0.000027 1 0.000030 1 0.000049 1 0.000051 1 0.000029 1 0.000137 1 0.000029 1 0.000036 1 0.000030 1 0.000030 1 0.000031 1 0.000031 1 0.000511 1 0.000029 1 0.000030 1 0.000031 1 0.000033 1 0.000032 
1 0.000024 1 0.000023 1 0.000021 1 0.000023 1 0.000024 1 0.000022 1 0.000048 1 0.000021 1 0.000022 1 0.000021 1 0.000022 1 0.000019 1 0.000023 1 0.000020 1 0.000021 1 0.000070 1 0.000023 1 0.000021 1 0.000028 1 0.000029 1 0.000020 1 0.000022 1 0.000023 1 0.000023 1 0.000021 1 0.000022 1 0.000020 1 0.000019 1 0.000023 1 0.000056 1 0.000021 1 0.000020 1 0.000020 1 0.000022 1 0.000021 1 0.000020 1 0.000021 1 0.000022 1 0.000020 
1 0.000036 1 0.000020 1 0.000025 1 0.000022 1 0.000020 1 0.000021 1 0.000025 1 0.000054 1 0.000022 1 0.000021 1 0.000088 1 0.000021 1 0.000021 1 0.000019 1 0.000021 1 0.000020 1 0.000077 1 0.000022 1 0.000022 1 0.000022 1 0.000022 1 0.000022 1 0.000042 1 0.000019 1 0.000021 1 0.000021 1 0.000040 1 0.000040 1 0.000020 1 0.000039 1 0.000023 1 0.000021 1 0.000018 1 0.000021 1 0.000021 1 0.000134 1 0.000020 1 0.000060 1 0.000042 
1 0.000032 1 0.000023 1 0.000023 1 0.000020 1 0.000140 1 0.000020 1 0.000022 1 0.000019 1 0.000020 1 0.000089 1 0.000019 1 0.000021 1 0.000020 1 0.000019 1 0.000021 1 0.000023 1 0.000021 1 0.000018 1 0.000023 1 0.000021 1 0.000021 1 0.000023 1 0.000023 1 0.000020 1 0.000021 1 0.000024 1 0.000024 1 0.000021 1 0.000020 1 0.000021 1 0.000022 1 0.000024 1 0.000021 1 0.000018 1 0.000022 1 0.000039 1 0.000020 1 0.000020 1 0.000020 
1 0.000329 1 0.000017 1 0.000727 1 0.000019 1 0.000018 1 0.000099 1 0.000024 1 0.000019 1 0.000018 1 0.000017 1 0.000019 1 0.000024 1 0.000020 1 0.000020 1 0.000019 1 0.000019 1 0.000019 1 0.000022 1 0.000039 1 0.000020 1 0.000021 1 0.000041 1 0.000019 1 0.000020 1 0.000019 1 0.000018 1 0.000159 1 0.000018 1 0.000041 1 0.000030 1 0.000083 1 0.000238 1 0.000020 1 0.000020 1 0.000018 1 0.000021 1 0.000057 1 0.000019 1 0.000034 
1 0.000036 1 0.000018 1 0.000017 1 0.000018 1 0.000019 1 0.000020 1 0.000017 1 0.000020 1 0.000021 1 0.000018 1 0.000019 1 0.000018 1 0.000018 1 0.000017 1 0.000018 1 0.000020 1 0.000019 1 0.000019 1 0.000070 1 0.000020 1 0.000023 1 0.000021 1 0.000028 1 0.000021 1 0.000018 1 0.000020 1 0.000020 1 0.000087 1 0.000019 1 0.000019 1 0.000048 1 0.000025 1 0.000036 1 0.000018 1 0.000017 1 0.000017 1 0.000023 1 0.000020 1 0.000018 1 0.000021 1 0.000019 1 0.000020 1 0.000019 1 0.000160 1 0.000019 1 0.000018 1 0.000019 1 0.000019 1 0.000045 1 0.000020 1 0.000018 1 0.000020 1 0.000021 1 0.000022 1 0.000069 1 0.000019 1 0.000024 1 0.000028 1 0.000021 1 0.000024 1 0.000021 1 0.000020 1 0.000018 1 0.000022 1 0.000021 1 0.000019 1 0.000018 1 0.000020 1 0.000018 1 0.000084 1 0.000020 
1 0.000140 1 0.000090 1 0.000074 1 0.000076 1 0.000073 1 0.000072 1 0.000074 1 0.000076 1 0.000074 1 0.000097 1 0.000193 1 0.000119 1 0.000132 1 0.000097 1 0.000086 1 0.000079 1 0.000084 1 0.000075 1 0.000073 1 0.000077 1 0.000075 1 0.000074 1 0.000082 1 0.000079 1 0.000076 1 0.000073 1 0.000072 1 0.000072 1 0.000144 1 0.000081 1 0.000072 1 0.000072 1 0.000073 1 0.000108 1 0.000078 1 0.000072 1 0.000117 1 0.000106 1 0.000077 
1 0.011935 1 0.011553 1 0.010695 1 0.010881 1 0.010700 1 0.010603 1 0.011213 1 0.011447 1 0.013416 1 0.010769 1 0.010959 1 0.010883 1 0.010631 1 0.011058 1 0.011114 1 0.012267 1 0.011124 1 0.010698 1 0.010626 1 0.010692 1 0.012094 1 0.010613 1 0.010834 1 0.010445 1 0.010826 1 0.010557 1 0.010593 1 0.010686 1 0.010981 1 0.010557 1 0.010569 1 0.010701 1 0.011046 1 0.010720 1 0.010446 1 0.010296 1 0.011023 1 0.011247 1 0.010790 
6 0.020996 6 0.020109 6 0.019202 6 0.018636 6 0.017613 6 0.016381 6 0.017681 6 0.016718 6 0.016930 6 0.017725 6 0.020515 6 0.019816 6 0.021360 6 0.020549 6 0.021592 6 0.019649 6 0.018895 6 0.018532 6 0.019258 6 0.019186 6 0.019380 6 0.018486 6 0.018631 6 0.020091 6 0.019360 6 0.018501 6 0.018396 6 0.018168 6 0.018139 6 0.018265 6 0.018337 6 0.018012 6 0.018247 6 0.018223 6 0.018069 6 0.018222 6 0.018233 6 0.017896 6 0.018479 
6 0.000786 6 0.000369 6 0.000327 6 0.000506 6 0.000322 6 0.000214 6 0.000273 6 0.000371 6 0.000195 6 0.000285 6 0.000213 6 0.000192 6 0.000374 6 0.000323 6 0.000398 6 0.000365 6 0.000466 6 0.000450 6 0.000420 6 0.000225 6 0.000438 6 0.000228 6 0.000373 6 0.000431 6 0.000391 6 0.000381 6 0.000437 6 0.000543 6 0.000391 6 0.000298 6 0.000409 6 0.000430 6 0.000342 6 0.000502 6 0.000313 6 0.000315 6 0.000444 6 0.000353 6 0.000344 
6 0.001363 6 0.000284 6 0.000341 6 0.000423 6 0.000364 6 0.000303 6 0.000400 6 0.000293 6 0.000257 6 0.000316 6 0.000402 6 0.000446 6 0.000328 6 0.000384 6 0.000469 6 0.000220 6 0.000303 6 0.000464 6 0.000385 6 0.000422 6 0.000355 6 0.000268 6 0.000369 6 0.000386 6 0.000347 6 0.000271 6 0.000366 6 0.000270 6 0.000312 6 0.000442 6 0.000401 6 0.000349 6 0.000431 6 0.000520 6 0.000314 6 0.000353 6 0.000351 6 0.000442 6 0.000323 
6 0.001610 6 0.000381 6 0.000448 6 0.000403 6 0.000360 6 0.000340 6 0.000395 6 0.000428 6 0.000417 6 0.000375 6 0.000367 6 0.000381 6 0.000325 6 0.000307 6 0.000345 6 0.000312 6 0.000316 6 0.000365 6 0.000351 6 0.000359 6 0.000368 6 0.000336 6 0.000382 6 0.000376 6 0.000414 6 0.000374 6 0.000331 6 0.000321 6 0.000417 6 0.000267 6 0.000353 6 0.000271 6 0.000374 6 0.000266 6 0.000429 6 0.000387 6 0.000362 6 0.000346 6 0.000414 
6 0.000658 6 0.000338 6 0.000367 6 0.000372 6 0.000339 6 0.000321 6 0.000419 6 0.000320 6 0.000301 6 0.000321 6 0.000356 6 0.000422 6 0.000485 6 0.000310 6 0.000289 6 0.000414 6 0.000527 6 0.000382 6 0.000407 6 0.000356 6 0.000414 6 0.000429 6 0.000292 6 0.000347 6 0.000379 6 0.000305 6 0.000289 6 0.000289 6 0.000518 6 0.000359 6 0.000303 6 0.000391 6 0.000415 6 0.000456 6 0.000385 6 0.000405 6 0.000323 6 0.000415 6 0.000422 
6 0.002427 6 0.000411 6 0.000397 6 0.000351 6 0.000313 6 0.000295 6 0.000297 6 0.000310 6 0.000326 6 0.000308 6 0.000312 6 0.000343 6 0.000443 6 0.000380 6 0.000305 6 0.000313 6 0.000377 6 0.000355 6 0.000372 6 0.000292 6 0.000350 6 0.000345 6 0.000385 6 0.000349 6 0.000361 6 0.000342 6 0.000383 6 0.000380 6 0.000412 6 0.000328 6 0.000376 6 0.000396 6 0.000271 6 0.000392 6 0.000356 6 0.000327 6 0.000352 6 0.000329 6 0.000345 
1 0.004564 1 0.002857 1 0.002718 1 0.003021 1 0.002872 1 0.002935 1 0.002934 1 0.003540 1 0.002824 1 0.003116 1 0.003059 1 0.003465 1 0.003753 1 0.002965 1 0.003419 1 0.003001 1 0.002991 1 0.003190 1 0.003310 1 0.002863 1 0.002818 1 0.003024 1 0.003772 1 0.003046 1 0.003351 1 0.003320 1 0.003526 1 0.003305 1 0.002995 1 0.004457 1 0.003330 1 0.003318 1 0.003546 1 0.003363 1 0.003577 1 0.003815 1 0.004436 1 0.003738 1 0.003040 
1 0.000644 1 0.000773 1 0.000755 1 0.000700 1 0.001081 1 0.000657 1 0.000846 1 0.000715 1 0.000835 1 0.000918 1 0.000708 1 0.000886 1 0.000725 1 0.000663 1 0.001001 1 0.000734 1 0.001585 1 0.001483 1 0.000818 1 0.000876 1 0.000988 1 0.000841 1 0.000729 1 0.000714 1 0.001042 1 0.000909 1 0.000661 1 0.000757 1 0.000776 1 0.001043 1 0.000898 1 0.000655 1 0.000903 1 0.000687 1 0.000860 1 0.000793 1 0.000788 1 0.000710 1 0.000606 
1 0.001640 1 0.000774 1 0.000590 1 0.000653 1 0.000640 1 0.001702 1 0.001137 1 0.000993 1 0.000621 1 0.000577 1 0.000767 1 0.000817 1 0.000669 1 0.000696 1 0.000566 1 0.000602 1 0.001001 1 0.001108 1 0.000948 1 0.000567 1 0.000757 1 0.000621 1 0.000505 1 0.000640 1 0.000535 1 0.000689 1 0.000753 1 0.000831 1 0.000683 1 0.000700 1 0.000644 1 0.000635 1 0.000511 1 0.001086 1 0.000703 1 0.000627 1 0.000572 1 0.000774 1 0.000620 
1 0.000831 1 0.001165 1 0.000851 1 0.000716 1 0.001060 1 0.000692 1 0.000751 1 0.000890 1 0.000774 1 0.000996 1 0.000905 1 0.000882 1 0.000874 1 0.000893 1 0.000880 1 0.000902 1 0.001253 1 0.000943 1 0.001204 1 0.000843 1 0.000991 1 0.000957 1 0.000911 1 0.001022 1 0.000866 1 0.000957 1 0.000749 1 0.001044 1 0.000873 1 0.001263 1 0.001171 1 0.000937 1 0.001004 1 0.000682 1 0.000884 1 0.001347 1 0.000937 1 0.000869 1 0.000890 
1 0.003167 1 0.000747 1 0.000643 1 0.000733 1 0.000964 1 0.000864 1 0.001029 1 0.001238 1 0.000805 1 0.001000 1 0.000650 1 0.000977 1 0.000854 1 0.000742 1 0.000849 1 0.000891 1 0.000830 1 0.000868 1 0.000875 1 0.001401 1 0.001955 1 0.000665 1 0.000828 1 0.001043 1 0.000840 1 0.000717 1 0.000839 1 0.000730 1 0.000873 1 0.000668 1 0.000721 1 0.000889 1 0.000771 1 0.000800 1 0.000712 1 0.000955 1 0.000683 1 0.000864 1 0.000662 
1 0.001531 1 0.001351 1 0.001096 1 0.000961 1 0.000654 1 0.000847 1 0.000705 1 0.000707 1 0.000923 1 0.000601 1 0.000810 1 0.000636 1 0.000717 1 0.000714 1 0.000938 1 0.000663 1 0.000833 1 0.000675 1 0.000766 1 0.000795 1 0.000897 1 0.000970 1 0.000848 1 0.000776 1 0.000723 1 0.001005 1 0.000937 1 0.000883 1 0.000769 1 0.000915 1 0.000948 1 0.000791 1 0.000941 1 0.001042 1 0.001252 1 0.001278 1 0.000882 1 0.000939 1 0.000796 1 0.000736 1 0.000900 1 0.000612 
1 0.001103 1 0.001001 1 0.000887 1 0.001301 1 0.000654 1 0.004411 1 0.000704 1 0.000947 1 0.000690 1 0.000681 1 0.000711 1 0.000941 1 0.000991 1 0.000915 1 0.000722 1 0.000806 1 0.000648 1 0.000952 1 0.000840 1 0.000776 1 0.000907 1 0.000687 1 0.000733 1 0.000826 1 0.000724 1 0.000693 1 0.000734 1 0.000879 1 0.001207 1 0.000952 1 0.000911 1 0.001238 1 0.001143 1 0.000833 1 0.000820 1 0.000837 1 0.000670 1 0.000857 1 0.000797 
1 0.001103 1 0.000657 1 0.000922 1 0.000962 1 0.000634 1 0.000669 1 0.000709 1 0.000756 1 0.000679 1 0.000874 1 0.001057 1 0.000779 1 0.000709 1 0.000899 1 0.000950 1 0.000783 1 0.000925 1 0.000637 1 0.000873 1 0.000762 1 0.000746 1 0.000620 1 0.000727 1 0.001022 1 0.000990 1 0.000713 1 0.000936 1 0.000985 1 0.000610 1 0.000894 1 0.001204 1 0.000898 1 0.000739 1 0.000786 1 0.000709 1 0.000838 1 0.000841 1 0.000653 1 0.000889 
1 0.001290 1 0.000884 1 0.000907 1 0.000790 1 0.000894 1 0.001121 1 0.000813 1 0.000785 1 0.000707 1 0.000674 1 0.000750 1 0.000889 1 0.000730 1 0.001100 1 0.000931 1 0.000866 1 0.000682 1 0.000874 1 0.001053 1 0.000804 1 0.000925 1 0.000894 1 0.000925 1 0.001118 1 0.000936 1 0.001082 1 0.001152 1 0.000805 1 0.001015 1 0.001077 1 0.000777 1 0.000911 1 0.000629 1 0.000946 1 0.000910 1 0.001038 1 0.000938 1 0.000806 1 0.000671 
1 0.001049 1 0.001027 1 0.000735 1 0.000830 1 0.000618 1 0.000726 1 0.000694 1 0.000700 1 0.000897 1 0.000802 1 0.000791 1 0.001061 1 0.001286 1 0.000766 1 0.000643 1 0.000932 1 0.000692 1 0.000821 1 0.000705 1 0.000696 1 0.001101 1 0.000821 1 0.001071 1 0.000706 1 0.000936 1 0.000673 1 0.001125 1 0.000779 1 0.000982 1 0.001025 1 0.000702 1 0.000938 1 0.000789 1 0.001052 1 0.001017 1 0.000859 1 0.001126 1 0.000831 1 0.001117 
1 0.000151 1 0.000061 1 0.000074 1 0.000066 1 0.000074 1 0.000406 1 0.000070 1 0.000066 1 0.000067 1 0.000070 1 0.000067 1 0.000065 1 0.000066 1 0.000088 1 0.000088 1 0.000068 1 0.000072 1 0.000082 1 0.000066 1 0.000077 1 0.000068 1 0.000073 1 0.000103 1 0.000076 1 0.000085 1 0.000135 1 0.000079 1 0.000062 1 0.000068 1 0.000093 1 0.000070 1 0.000072 1 0.000068 1 0.000062 1 0.000072 1 0.000076 1 0.000101 1 0.000115 1 0.000092 
1 0.000729 1 0.001002 1 0.000813 1 0.000554 1 0.000512 1 0.000572 1 0.000590 1 0.000560 1 0.000424 1 0.000592 1 0.000684 1 0.000466 1 0.000550 1 0.000561 1 0.000563 1 0.000793 1 0.000517 1 0.000472 1 0.000722 1 0.000582 1 0.000681 1 0.000544 1 0.000691 1 0.000623 1 0.000749 1 0.000552 1 0.000417 1 0.000748 1 0.000782 1 0.000783 1 0.000730 1 0.000496 1 0.000537 1 0.000944 1 0.000473 1 0.000552 1 0.000371 1 0.000739 1 0.000966 
6 0.455298 6 0.397615 6 0.363655 6 0.372317 6 0.421117 6 0.391954 6 0.350528 6 0.342880 6 0.331112 6 0.309982 6 0.333947 6 0.312214 6 0.329299 6 0.308340 6 0.336061 6 0.319238 6 0.315952 6 0.324896 6 0.346621 6 0.340610 6 0.372007 6 0.345327 6 0.309270 6 0.342045 6 0.306735 6 0.319333 6 0.321493 6 0.332448 6 0.300487 6 0.336274 6 0.309751 6 0.338479 6 0.327458 6 0.320976 6 0.322424 6 0.307154 6 0.316699 6 0.316656 6 0.313162 
6 0.017686 6 0.019455 6 0.018880 6 0.018585 6 0.017103 6 0.018302 6 0.017934 6 0.018912 6 0.020601 6 0.019446 6 0.019827 6 0.019731 6 0.019880 6 0.019362 6 0.020238 6 0.019111 6 0.019388 6 0.019144 6 0.018985 6 0.019159 6 0.019827 6 0.019161 6 0.018585 6 0.018791 6 0.019117 6 0.019536 6 0.018900 6 0.019111 6 0.019059 6 0.019103 6 0.018643 6 0.018923 6 0.018699 6 0.019183 6 0.018581 6 0.018921 6 0.019270 6 0.018877 6 0.018921 
6 0.020454 6 0.019937 6 0.019574 6 0.029581 6 0.034027 6 0.023567 6 0.027808 6 0.015756 6 0.020494 6 0.017313 6 0.019217 6 0.017554 6 0.018710 6 0.019635 6 0.017063 6 0.019105 6 0.028580 6 0.017754 6 0.020479 6 0.021222 6 0.020959 6 0.021754 6 0.024329 6 0.022043 6 0.027141 6 0.022799 6 0.024429 6 0.024876 6 0.033689 6 0.025357 6 0.022628 6 0.022545 6 0.021708 6 0.020753 6 0.025177 6 0.022795 6 0.023110 6 0.021878 6 0.020408 
